[(0.27955528006093, 0.8086954984294203, -0.9890654026775906, -0.26928079210244293, -0.5586889941241447, 0.6971741452977538, 0.04611508220762095, 0.5324192458818386, 0.33083067863117144, 0.04300912031208781, -0.6884332863980226, -0.18651279499544116, 0.00581806383671446, -0.22912040300721015, 1), 15.21334]
[[1.4811192704393668, 0.21777005309904518, 0.7716726517977579, 0.729195277741427, -0.6177569513870944, 0.2650914367924899, -0.41818151266777526, 0.5892765104993716, -0.13523553274880729, 0.5992464542770968, -0.469760262459526, 0.5646075172610863, 0.6969948116736604, -0.198582782879551, 1], 13.02995]
[[-1.8891864569715984, 1.266230655000329, 0.8667901168915171, 0.24085367820804882, -0.16634640853529414, 0.614172395762357, 0.13021529609863713, 0.28398011324087813, 0.6520773873245869, 0.5134745575864381, -0.7788133254067856, -0.610151649688643, 0.15914098655148556, -0.010068131868441799, 2], 5.18206]
[[-1.8891864569715984, 1.266230655000329, 0.8667901168915171, 0.24085367820804882, -0.5372661223489218, -0.10981470782907843, 0.13021529609863713, 0.28398011324087813, 0.7220308625100662, 0.5134745575864381, -0.7788133254067856, 0.6170583716036393, 0.15914098655148556, -0.010068131868441799, 2], 2.2752]
[[-1.8891864569715984, 1.266230655000329, 0.8667901168915171, 0.24085367820804882, -0.5372661223489218, -0.10981470782907843, 0.13021529609863713, 0.28398011324087813, 0.7220308625100662, 0.5134745575864381, -0.7788133254067856, 0.6170583716036393, 0.15914098655148556, -0.010068131868441799, 2], 2.2752]
[[-1.8891864569715984, 1.266230655000329, 0.8667901168915171, 0.24085367820804882, -0.5372661223489218, -0.10981470782907843, 0.13021529609863713, 0.28398011324087813, 0.7220308625100662, 0.5134745575864381, -0.7788133254067856, 0.6170583716036393, 0.15914098655148556, -0.010068131868441799, 2], 2.2752]
[[-1.8891864569715984, 1.266230655000329, 0.8667901168915171, 0.24085367820804882, -0.5372661223489218, -0.10981470782907843, 0.13021529609863713, 0.28398011324087813, 0.7220308625100662, 0.5134745575864381, -0.7788133254067856, 0.6170583716036393, 0.15914098655148556, -0.010068131868441799, 2], 2.2752]
[[-1.8891864569715984, 1.266230655000329, 0.8667901168915171, 0.24085367820804882, -0.5372661223489218, -0.10981470782907843, 0.13021529609863713, 0.28398011324087813, 0.7220308625100662, 0.5134745575864381, -0.7788133254067856, 0.6170583716036393, 0.15914098655148556, -0.010068131868441799, 2], 2.2752]
[[-1.8891864569715984, 1.266230655000329, 0.8667901168915171, 0.24085367820804882, -0.5372661223489218, -0.10981470782907843, 0.13021529609863713, 0.28398011324087813, 0.7220308625100662, 0.5134745575864381, -0.7788133254067856, 0.6170583716036393, 0.15914098655148556, -0.010068131868441799, 2], 2.2752]
[(-0.5091897190652861, -1.2283989507783346, 0.05026049202160854, 0.1399122366378598, 0.6581635282034439, 0.3438791194081128, -0.09635706694894652, 0.5715645366382478, -0.043035647159884394, 0.39250545995916086, -0.6837367996494799, 0.6016102392739548, -0.671388791316798, 0.09075837782220209, 1), -0.66399]
[(-0.5091897190652861, -1.2283989507783346, 0.05026049202160854, 0.1399122366378598, 0.6581635282034439, 0.3438791194081128, -0.09635706694894652, 0.5715645366382478, -0.043035647159884394, 0.39250545995916086, -0.6837367996494799, 0.6016102392739548, -0.671388791316798, 0.09075837782220209, 1), -0.66399]
[[-0.6544531366192108, 0.31348208365154195, -0.6050950296231201, 0.02418196349392332, 0.472481601380879, -0.07702216260325923, 0.05862486740717676, -0.5115326342244718, 0.5040485406453179, 0.2093522558082893, 0.02164103698291231, -0.5735100717947318, -0.3758633810820388, -0.06952804839009341, 1], -3.21463]
[[-0.6544531366192108, 0.31348208365154195, -0.6050950296231201, 0.02418196349392332, 0.472481601380879, -0.07702216260325923, 0.05862486740717676, -0.5115326342244718, 0.5040485406453179, 0.2093522558082893, 0.02164103698291231, -0.5735100717947318, -0.3758633810820388, -0.06952804839009341, 1], -3.21463]
[[-0.6544531366192108, 0.31348208365154195, -0.6050950296231201, 0.02418196349392332, 0.472481601380879, -0.07702216260325923, 0.05862486740717676, -0.5115326342244718, 0.5040485406453179, 0.2093522558082893, 0.02164103698291231, -0.5735100717947318, -0.3758633810820388, -0.06952804839009341, 1], -3.21463]
[[-0.6544531366192108, -0.31550233388720295, -0.6050950296231201, 0.02418196349392332, -0.33827680648933567, -0.07702216260325923, 0.2774133981882345, -0.6953285111644183, 0.6788379372864124, 0.07672795722738202, 0.02164103698291231, -0.4396438597650026, -0.3758633810820388, -0.06952804839009341, 1], -5.04341]
[[-0.6544531366192108, -0.31550233388720295, -0.6050950296231201, 0.02418196349392332, -0.33827680648933567, -0.07702216260325923, 0.2774133981882345, -0.6953285111644183, 0.6788379372864124, 0.07672795722738202, 0.02164103698291231, -0.4396438597650026, -0.3758633810820388, -0.06952804839009341, 1], -5.04341]
[[-0.6544531366192108, -0.31550233388720295, -0.6050950296231201, 0.02418196349392332, -0.33827680648933567, -0.07702216260325923, 0.2774133981882345, -0.6953285111644183, 0.6788379372864124, 0.07672795722738202, 0.02164103698291231, -0.4396438597650026, -0.3758633810820388, -0.06952804839009341, 1], -5.04341]
[[-0.6544531366192108, -0.31550233388720295, -0.6050950296231201, 0.02418196349392332, -0.33827680648933567, -0.07702216260325923, 0.2774133981882345, -0.6953285111644183, 0.6788379372864124, 0.07672795722738202, 0.02164103698291231, -0.4396438597650026, -0.3758633810820388, -0.06952804839009341, 1], -5.04341]
[[-0.6544531366192108, -0.31550233388720295, -0.6050950296231201, 0.02418196349392332, -0.33827680648933567, -0.07702216260325923, 0.2774133981882345, -0.6953285111644183, 0.6788379372864124, 0.07672795722738202, 0.02164103698291231, -0.4396438597650026, -0.3758633810820388, -0.06952804839009341, 1], -5.04341]
[[-0.6544531366192108, -0.31550233388720295, -0.6050950296231201, 0.02418196349392332, -0.33827680648933567, -0.07702216260325923, 0.2774133981882345, -0.6953285111644183, 0.6788379372864124, 0.07672795722738202, 0.02164103698291231, -0.4396438597650026, -0.3758633810820388, -0.06952804839009341, 1], -5.04341]
[[-0.6544531366192108, -0.31550233388720295, -0.6050950296231201, 0.02418196349392332, -0.33827680648933567, -0.07702216260325923, 0.2774133981882345, -0.6953285111644183, 0.6788379372864124, 0.07672795722738202, 0.02164103698291231, -0.4396438597650026, -0.3758633810820388, -0.06952804839009341, 1], -5.04341]
[[-0.6544531366192108, -0.31550233388720295, -0.6050950296231201, 0.02418196349392332, -0.33827680648933567, -0.07702216260325923, 0.2774133981882345, -0.6953285111644183, 0.6788379372864124, 0.07672795722738202, 0.02164103698291231, -0.4396438597650026, -0.3758633810820388, -0.06952804839009341, 1], -5.04341]
[[-0.6544531366192108, -0.31550233388720295, -0.6050950296231201, 0.02418196349392332, -0.33827680648933567, -0.07702216260325923, 0.2774133981882345, -0.6953285111644183, 0.6788379372864124, 0.07672795722738202, 0.02164103698291231, -0.4396438597650026, -0.3758633810820388, -0.06952804839009341, 1], -5.04341]
[[-0.6544531366192108, -0.31550233388720295, -0.6050950296231201, 0.02418196349392332, -0.33827680648933567, -0.07702216260325923, 0.2774133981882345, -0.6953285111644183, 0.6788379372864124, 0.07672795722738202, 0.02164103698291231, -0.4396438597650026, -0.3758633810820388, -0.06952804839009341, 1], -5.04341]
[[-0.6544531366192108, -0.31550233388720295, -0.6050950296231201, 0.02418196349392332, -0.33827680648933567, -0.07702216260325923, 0.2774133981882345, -0.6953285111644183, 0.6788379372864124, 0.07672795722738202, 0.02164103698291231, -0.4396438597650026, -0.3758633810820388, -0.06952804839009341, 1], -5.04341]
[[-0.6544531366192108, -0.31550233388720295, -0.6050950296231201, 0.02418196349392332, -0.33827680648933567, -0.07702216260325923, 0.2774133981882345, -0.6953285111644183, 0.6788379372864124, 0.07672795722738202, 0.02164103698291231, -0.4396438597650026, -0.3758633810820388, -0.06952804839009341, 1], -5.04341]
[[-0.6544531366192108, -0.31550233388720295, -0.6050950296231201, 0.02418196349392332, -0.33827680648933567, -0.07702216260325923, 0.2774133981882345, -0.6953285111644183, 0.6788379372864124, 0.07672795722738202, 0.02164103698291231, -0.4396438597650026, -0.3758633810820388, -0.06952804839009341, 1], -5.04341]
[[-0.6544531366192108, -0.31550233388720295, -0.6050950296231201, 0.02418196349392332, -0.33827680648933567, -0.07702216260325923, 0.2774133981882345, -0.6953285111644183, 0.6788379372864124, 0.07672795722738202, 0.02164103698291231, -0.4396438597650026, -0.3758633810820388, -0.06952804839009341, 1], -5.04341]
[[-0.6544531366192108, -0.31550233388720295, -0.6050950296231201, 0.02418196349392332, -0.33827680648933567, -0.07702216260325923, 0.2774133981882345, -0.6953285111644183, 0.6788379372864124, 0.07672795722738202, 0.02164103698291231, -0.4396438597650026, -0.3758633810820388, -0.06952804839009341, 1], -5.04341]
[[-0.6544531366192108, -0.31550233388720295, -0.6050950296231201, 0.02418196349392332, -0.33827680648933567, -0.07702216260325923, 0.2774133981882345, -0.6953285111644183, 0.6788379372864124, 0.07672795722738202, 0.02164103698291231, -0.4396438597650026, -0.3758633810820388, -0.06952804839009341, 1], -5.04341]
[[-0.731623930831619, -0.039665125927495826, -0.40722191199588775, -0.0013298968126962407, 0.4677485312039129, 0.09157687107304358, -0.09481429678257791, 0.11596008981546913, 0.06698086069883169, -0.47707464121051013, 0.2996366713879264, -0.014126168320642951, -0.12442418775722253, -0.2586953890966044, 1], -5.79623]
[[-0.6544531366192108, -0.31550233388720295, -0.6050950296231201, 0.02418196349392332, -0.5024384115029875, -0.07702216260325923, 0.19865566701746917, -0.024846865787744976, -0.2629793065958269, 0.18381642571993317, -0.37649206235139965, 0.5365863438128495, 0.2298131223987392, -0.06952804839009341, 1], -6.03244]
[[-0.6544531366192108, -0.31550233388720295, -0.6050950296231201, 0.02418196349392332, -0.5024384115029875, -0.07702216260325923, 0.19865566701746917, -0.024846865787744976, -0.2629793065958269, 0.18381642571993317, -0.37649206235139965, 0.5365863438128495, 0.2298131223987392, -0.06952804839009341, 1], -6.03244]
[[-0.6544531366192108, -0.31550233388720295, -0.6050950296231201, 0.02418196349392332, -0.5024384115029875, -0.07702216260325923, 0.19865566701746917, -0.024846865787744976, -0.2629793065958269, 0.18381642571993317, -0.37649206235139965, 0.5365863438128495, 0.2298131223987392, -0.06952804839009341, 1], -6.03244]
[[-0.6544531366192108, -0.31550233388720295, -0.6050950296231201, 0.02418196349392332, -0.5024384115029875, -0.07702216260325923, 0.19865566701746917, -0.024846865787744976, -0.2629793065958269, 0.18381642571993317, -0.37649206235139965, 0.5365863438128495, 0.2298131223987392, -0.06952804839009341, 1], -6.03244]
[[-0.6544531366192108, -0.31550233388720295, -0.6050950296231201, 0.02418196349392332, -0.5024384115029875, -0.07702216260325923, 0.19865566701746917, -0.024846865787744976, -0.2629793065958269, 0.18381642571993317, -0.37649206235139965, 0.5365863438128495, 0.2298131223987392, -0.06952804839009341, 1], -6.03244]
[[-0.6544531366192108, -0.31550233388720295, -0.6050950296231201, 0.02418196349392332, -0.5024384115029875, -0.07702216260325923, 0.19865566701746917, -0.024846865787744976, -0.2629793065958269, 0.18381642571993317, -0.37649206235139965, 0.5365863438128495, 0.2298131223987392, -0.06952804839009341, 1], -6.03244]
[[-0.6544531366192108, -0.31550233388720295, -0.6050950296231201, 0.02418196349392332, -0.5024384115029875, -0.07702216260325923, 0.19865566701746917, -0.024846865787744976, -0.2629793065958269, 0.18381642571993317, -0.37649206235139965, 0.5365863438128495, 0.2298131223987392, -0.06952804839009341, 1], -6.03244]
[[-0.6544531366192108, -0.31550233388720295, -0.6050950296231201, 0.02418196349392332, -0.5024384115029875, -0.07702216260325923, 0.19865566701746917, -0.024846865787744976, -0.2629793065958269, 0.18381642571993317, -0.37649206235139965, 0.5365863438128495, 0.2298131223987392, -0.06952804839009341, 1], -6.03244]
[[-0.6544531366192108, -0.31550233388720295, -0.6050950296231201, 0.02418196349392332, -0.5024384115029875, -0.07702216260325923, 0.19865566701746917, -0.024846865787744976, -0.2629793065958269, 0.18381642571993317, -0.37649206235139965, 0.5365863438128495, 0.2298131223987392, -0.06952804839009341, 1], -6.03244]
[[-0.6544531366192108, 0.5999097457091345, 0.5677015438671884, 0.02418196349392332, 0.4012057108662339, 0.18155677363482436, 0.24884398050958723, 0.44627577177164435, -0.24643238479373064, 0.07672795722738202, 0.02164103698291231, -0.34098353705732526, 0.17431768750394594, -0.20745498488071334, 1], -6.03562]
[[-0.6544531366192108, 0.5999097457091345, 0.5677015438671884, 0.02418196349392332, 0.4012057108662339, 0.18155677363482436, 0.24884398050958723, 0.44627577177164435, -0.24643238479373064, 0.07672795722738202, 0.02164103698291231, -0.34098353705732526, 0.17431768750394594, -0.20745498488071334, 1], -6.03562]
[[-0.6544531366192108, 0.5999097457091345, 0.5677015438671884, 0.02418196349392332, 0.4012057108662339, 0.18155677363482436, 0.24884398050958723, 0.44627577177164435, -0.24643238479373064, 0.07672795722738202, 0.02164103698291231, -0.34098353705732526, 0.17431768750394594, -0.20745498488071334, 1], -6.03562]
[[-0.6544531366192108, 0.5999097457091345, 0.5677015438671884, 0.02418196349392332, 0.4012057108662339, 0.18155677363482436, 0.24884398050958723, 0.44627577177164435, -0.24643238479373064, 0.07672795722738202, 0.02164103698291231, -0.34098353705732526, 0.17431768750394594, -0.20745498488071334, 1], -6.03562]
[[-0.731623930831619, -0.039665125927495826, -0.40722191199588775, -0.0013298968126962407, 0.4921869037080904, 0.12321392191945735, -0.09481429678257791, -0.5510685448989845, 0.06698086069883169, -0.47707464121051013, 0.2312592826478701, -0.014126168320642951, 0.24670163267908873, -0.2586953890966044, 1], -6.21938]
[[-0.731623930831619, -0.039665125927495826, -0.40722191199588775, -0.0013298968126962407, 0.4921869037080904, 0.12321392191945735, -0.09481429678257791, -0.5510685448989845, 0.06698086069883169, -0.47707464121051013, 0.2312592826478701, -0.014126168320642951, 0.24670163267908873, -0.2586953890966044, 1], -6.21938]
[[-0.731623930831619, -0.039665125927495826, -0.40722191199588775, -0.0013298968126962407, 0.4921869037080904, 0.12321392191945735, -0.09481429678257791, -0.5510685448989845, 0.06698086069883169, -0.47707464121051013, 0.2312592826478701, -0.014126168320642951, 0.24670163267908873, -0.2586953890966044, 1], -6.21938]
[[-0.6544531366192108, -0.31550233388720295, -0.1848891465287763, -0.05940155482314724, 0.10482317643991956, -0.07702216260325923, 0.19865566701746917, -0.024846865787744976, -0.2629793065958269, 0.18381642571993317, -0.37649206235139965, -0.32164959141032134, 0.2298131223987392, -0.06952804839009341, 1], -6.49153]
[[-0.6544531366192108, -0.31550233388720295, -0.1848891465287763, -0.05940155482314724, 0.10482317643991956, -0.07702216260325923, 0.19865566701746917, -0.024846865787744976, -0.2629793065958269, 0.18381642571993317, -0.37649206235139965, -0.32164959141032134, 0.2298131223987392, -0.06952804839009341, 1], -6.49153]
[[-0.6544531366192108, -0.31550233388720295, -0.1848891465287763, -0.05940155482314724, 0.10482317643991956, -0.07702216260325923, 0.19865566701746917, -0.024846865787744976, -0.2629793065958269, 0.18381642571993317, -0.37649206235139965, -0.32164959141032134, 0.2298131223987392, -0.06952804839009341, 1], -6.49153]
[[-0.6544531366192108, -0.31550233388720295, -0.1848891465287763, -0.05940155482314724, 0.10482317643991956, -0.07702216260325923, 0.19865566701746917, -0.024846865787744976, -0.2629793065958269, 0.18381642571993317, -0.37649206235139965, -0.32164959141032134, 0.2298131223987392, -0.06952804839009341, 1], -6.49153]
[[-0.6544531366192108, -0.31550233388720295, -0.1848891465287763, -0.05940155482314724, 0.10482317643991956, -0.07702216260325923, 0.19865566701746917, -0.024846865787744976, -0.2629793065958269, 0.18381642571993317, -0.37649206235139965, -0.32164959141032134, 0.2298131223987392, -0.06952804839009341, 1], -6.49153]
[[-0.6544531366192108, -0.31550233388720295, -0.1848891465287763, -0.05940155482314724, 0.10482317643991956, -0.07702216260325923, 0.19865566701746917, -0.024846865787744976, -0.2629793065958269, 0.18381642571993317, -0.37649206235139965, -0.32164959141032134, 0.2298131223987392, -0.06952804839009341, 1], -6.49153]
[[-0.731623930831619, -0.039665125927495826, -0.40722191199588775, 0.06641340039872867, -0.037153947895852135, 0.12321392191945735, -0.09481429678257791, -0.5510685448989845, 0.06698086069883169, -0.4283011329361384, -0.443585352161489, -0.014126168320642951, 0.24670163267908873, -0.04691234886180262, 1], -6.57311]
[[-0.731623930831619, -0.039665125927495826, -0.40722191199588775, 0.06641340039872867, -0.037153947895852135, 0.12321392191945735, -0.09481429678257791, -0.5510685448989845, 0.06698086069883169, -0.4283011329361384, -0.443585352161489, -0.014126168320642951, 0.24670163267908873, -0.04691234886180262, 1], -6.57311]
[[-0.731623930831619, -0.039665125927495826, -0.40722191199588775, 0.06641340039872867, -0.037153947895852135, 0.12321392191945735, -0.09481429678257791, -0.5510685448989845, 0.06698086069883169, -0.4283011329361384, -0.443585352161489, -0.014126168320642951, 0.24670163267908873, -0.04691234886180262, 1], -6.57311]
[[-0.731623930831619, -0.039665125927495826, -0.40722191199588775, 0.06641340039872867, -0.037153947895852135, 0.12321392191945735, -0.09481429678257791, -0.5510685448989845, 0.06698086069883169, -0.4283011329361384, -0.443585352161489, -0.014126168320642951, 0.24670163267908873, -0.04691234886180262, 1], -6.57311]
[[-0.731623930831619, -0.039665125927495826, -0.40722191199588775, 0.06641340039872867, -0.037153947895852135, 0.12321392191945735, -0.09481429678257791, -0.5510685448989845, 0.06698086069883169, -0.4283011329361384, -0.443585352161489, -0.014126168320642951, 0.24670163267908873, -0.04691234886180262, 1], -6.57311]
[[-0.731623930831619, -0.039665125927495826, -0.40722191199588775, 0.06641340039872867, -0.037153947895852135, 0.12321392191945735, -0.09481429678257791, -0.5510685448989845, 0.06698086069883169, -0.4283011329361384, -0.443585352161489, -0.014126168320642951, 0.24670163267908873, -0.04691234886180262, 1], -6.57311]
[[-0.731623930831619, -0.039665125927495826, -0.40722191199588775, 0.06641340039872867, -0.037153947895852135, 0.12321392191945735, -0.09481429678257791, -0.5510685448989845, 0.06698086069883169, -0.4283011329361384, -0.443585352161489, -0.014126168320642951, 0.24670163267908873, -0.04691234886180262, 1], -6.57311]
[[-0.6544531366192108, 0.31348208365154195, -0.24929043986957633, -0.07728079676798139, 0.1198748454654115, -0.07702216260325923, 0.4712873604943495, -0.30959157062189574, 0.3813189300724176, -0.6117444767836091, -0.5055641028334711, 0.4373850477090768, 0.38863146087287737, -0.21827838803917665, 1], -6.62829]
[[-0.6544531366192108, 0.31348208365154195, -0.24929043986957633, -0.07728079676798139, 0.1198748454654115, -0.07702216260325923, 0.4712873604943495, -0.30959157062189574, 0.3813189300724176, -0.6117444767836091, -0.5055641028334711, 0.4373850477090768, 0.38863146087287737, -0.21827838803917665, 1], -6.62829]
[[-0.6544531366192108, 0.31348208365154195, -0.24929043986957633, -0.07728079676798139, 0.1198748454654115, -0.07702216260325923, 0.4712873604943495, -0.30959157062189574, 0.3813189300724176, -0.6117444767836091, -0.5055641028334711, 0.4373850477090768, 0.38863146087287737, -0.21827838803917665, 1], -6.62829]
[[-0.6544531366192108, 0.31348208365154195, -0.24929043986957633, -0.07728079676798139, 0.1198748454654115, -0.07702216260325923, 0.4712873604943495, -0.30959157062189574, 0.3813189300724176, -0.6117444767836091, -0.5055641028334711, 0.4373850477090768, 0.38863146087287737, -0.21827838803917665, 1], -6.62829]
[[-0.6544531366192108, 0.31348208365154195, -0.24929043986957633, -0.07728079676798139, 0.1198748454654115, -0.07702216260325923, 0.4712873604943495, -0.30959157062189574, 0.3813189300724176, -0.6117444767836091, -0.5055641028334711, 0.4373850477090768, 0.38863146087287737, -0.21827838803917665, 1], -6.62829]
[[-0.6544531366192108, 0.31348208365154195, -0.24929043986957633, -0.07728079676798139, 0.1198748454654115, 0.14403888160756473, 0.4712873604943495, -0.30959157062189574, 0.25571530095054396, -0.6738578844211918, -0.081200021719119, 0.4373850477090768, 0.38863146087287737, -0.3432399787553399, 1], -6.68225]
[[-0.6544531366192108, 0.31348208365154195, -0.24929043986957633, -0.07728079676798139, 0.1198748454654115, 0.14403888160756473, 0.4712873604943495, -0.30959157062189574, 0.25571530095054396, -0.6738578844211918, -0.081200021719119, 0.4373850477090768, 0.38863146087287737, -0.3432399787553399, 1], -6.68225]
[[-0.9612517794840513, -0.2635365378154697, -0.09316286853588096, -0.06060425941226866, 0.2765228055197815, 0.5153518802627444, -0.15726334006652687, -0.6800693334365424, 0.7050349966105756, 0.3922316254373226, -0.5404421425688885, -0.304763082994793, 0.4917764995722771, -0.3706221695119176, 1], -6.76694]
[[-0.9612517794840513, -0.2635365378154697, -0.09316286853588096, -0.06060425941226866, 0.2765228055197815, 0.5153518802627444, -0.15726334006652687, -0.6800693334365424, 0.7050349966105756, 0.3922316254373226, -0.5404421425688885, -0.304763082994793, 0.4917764995722771, -0.3706221695119176, 1], -6.76694]
[[-0.9612517794840513, -0.2635365378154697, -0.09316286853588096, -0.06060425941226866, 0.2765228055197815, 0.5153518802627444, -0.15726334006652687, -0.6800693334365424, 0.7050349966105756, 0.3922316254373226, -0.5404421425688885, -0.304763082994793, 0.4917764995722771, -0.3706221695119176, 1], -6.76694]
[[-0.9612517794840513, -0.2635365378154697, -0.09316286853588096, -0.06060425941226866, 0.2765228055197815, 0.5153518802627444, -0.15726334006652687, -0.6800693334365424, 0.7050349966105756, 0.3922316254373226, -0.5404421425688885, -0.304763082994793, 0.4917764995722771, -0.3706221695119176, 1], -6.76694]
[[-0.5091897190652861, -0.06426156118338922, 0.05026049202160854, 0.1399122366378598, 0.6581635282034439, 0.3438791194081128, -0.09635706694894652, 0.21642248133273023, -0.043035647159884394, 0.39250545995916086, -0.3030640824394283, 0.5268236284151391, -0.671388791316798, 0.34390551670090597, 1], -8.00899]
[[-0.5091897190652861, -0.06426156118338922, 0.05026049202160854, 0.1399122366378598, 0.6581635282034439, 0.3438791194081128, -0.09635706694894652, 0.21642248133273023, -0.043035647159884394, 0.39250545995916086, -0.3030640824394283, 0.5268236284151391, -0.671388791316798, 0.34390551670090597, 1], -8.00899]
[[-0.5091897190652861, -0.06426156118338922, 0.05026049202160854, 0.1399122366378598, 0.6581635282034439, 0.3438791194081128, -0.09635706694894652, 0.21642248133273023, -0.043035647159884394, 0.39250545995916086, -0.3030640824394283, 0.5268236284151391, -0.671388791316798, 0.34390551670090597, 1], -8.00899]
[[-0.5091897190652861, -0.06426156118338922, 0.05026049202160854, 0.1399122366378598, 0.6581635282034439, 0.3438791194081128, -0.09635706694894652, 0.21642248133273023, -0.043035647159884394, 0.39250545995916086, -0.3030640824394283, 0.5268236284151391, -0.671388791316798, 0.34390551670090597, 1], -8.00899]
[[-0.5091897190652861, -0.06426156118338922, 0.05026049202160854, 0.1399122366378598, 0.6581635282034439, 0.3438791194081128, -0.09635706694894652, 0.21642248133273023, -0.043035647159884394, 0.39250545995916086, -0.3030640824394283, 0.5268236284151391, -0.671388791316798, 0.34390551670090597, 1], -8.00899]
[[-0.5091897190652861, -0.06426156118338922, 0.05026049202160854, 0.1399122366378598, 0.6581635282034439, 0.3438791194081128, -0.09635706694894652, 0.21642248133273023, -0.043035647159884394, 0.39250545995916086, -0.3030640824394283, 0.5268236284151391, -0.671388791316798, 0.34390551670090597, 1], -8.00899]
[[-0.5091897190652861, -0.06426156118338922, 0.05026049202160854, 0.1399122366378598, 0.6581635282034439, 0.3438791194081128, -0.09635706694894652, 0.21642248133273023, -0.043035647159884394, 0.39250545995916086, -0.3030640824394283, 0.5268236284151391, -0.671388791316798, 0.34390551670090597, 1], -8.00899]
[[-0.5091897190652861, -0.06426156118338922, 0.05026049202160854, 0.1399122366378598, 0.6581635282034439, 0.3438791194081128, -0.09635706694894652, 0.21642248133273023, -0.043035647159884394, 0.39250545995916086, -0.3030640824394283, 0.5268236284151391, -0.671388791316798, 0.34390551670090597, 1], -8.00899]
[[-0.5091897190652861, -0.06426156118338922, 0.05026049202160854, 0.1399122366378598, 0.6581635282034439, 0.3438791194081128, -0.09635706694894652, 0.21642248133273023, -0.043035647159884394, 0.39250545995916086, -0.3030640824394283, 0.5268236284151391, -0.671388791316798, 0.34390551670090597, 1], -8.00899]
[[-0.5091897190652861, -0.06426156118338922, 0.05026049202160854, 0.1399122366378598, 0.6581635282034439, 0.3438791194081128, -0.09635706694894652, 0.21642248133273023, -0.043035647159884394, 0.39250545995916086, -0.3030640824394283, 0.5268236284151391, -0.671388791316798, 0.34390551670090597, 1], -8.00899]
[[-0.5091897190652861, -0.06426156118338922, 0.05026049202160854, 0.1399122366378598, 0.6581635282034439, 0.3438791194081128, -0.09635706694894652, 0.21642248133273023, -0.043035647159884394, 0.39250545995916086, -0.3030640824394283, 0.5268236284151391, -0.671388791316798, 0.34390551670090597, 1], -8.00899]
[[-0.5091897190652861, -0.06426156118338922, 0.05026049202160854, 0.1399122366378598, 0.6581635282034439, 0.3438791194081128, -0.09635706694894652, 0.21642248133273023, -0.043035647159884394, 0.39250545995916086, -0.3030640824394283, 0.5268236284151391, -0.671388791316798, 0.34390551670090597, 1], -8.00899]
[[-0.5091897190652861, -0.06426156118338922, 0.05026049202160854, 0.1399122366378598, 0.6581635282034439, 0.3438791194081128, -0.09635706694894652, 0.21642248133273023, -0.043035647159884394, 0.39250545995916086, -0.3030640824394283, 0.5268236284151391, -0.671388791316798, 0.34390551670090597, 1], -8.00899]
[[-0.5091897190652861, -0.06426156118338922, 0.05026049202160854, 0.1399122366378598, 0.6581635282034439, 0.3438791194081128, -0.09635706694894652, 0.21642248133273023, -0.043035647159884394, 0.39250545995916086, -0.3030640824394283, 0.5268236284151391, -0.671388791316798, 0.34390551670090597, 1], -8.00899]
[[-0.5091897190652861, -0.06426156118338922, 0.05026049202160854, 0.1399122366378598, 0.6581635282034439, 0.3438791194081128, -0.09635706694894652, 0.21642248133273023, -0.043035647159884394, 0.39250545995916086, -0.3030640824394283, 0.5268236284151391, -0.671388791316798, 0.34390551670090597, 1], -8.00899]
[[-0.5091897190652861, -0.06426156118338922, 0.05026049202160854, 0.1399122366378598, 0.6581635282034439, 0.3438791194081128, -0.09635706694894652, 0.21642248133273023, -0.043035647159884394, 0.39250545995916086, -0.3030640824394283, 0.5268236284151391, -0.671388791316798, 0.34390551670090597, 1], -8.00899]
[[-0.5091897190652861, -0.06426156118338922, 0.05026049202160854, 0.1399122366378598, 0.6581635282034439, 0.3438791194081128, -0.09635706694894652, 0.21642248133273023, -0.043035647159884394, 0.39250545995916086, -0.3030640824394283, 0.5268236284151391, -0.671388791316798, 0.34390551670090597, 1], -8.00899]
[[-0.5091897190652861, -0.06426156118338922, 0.05026049202160854, 0.1399122366378598, 0.6581635282034439, 0.3438791194081128, -0.09635706694894652, 0.21642248133273023, -0.043035647159884394, 0.39250545995916086, -0.3030640824394283, 0.5268236284151391, -0.671388791316798, 0.34390551670090597, 1], -8.00899]
[[-0.5091897190652861, -0.06426156118338922, 0.05026049202160854, 0.1399122366378598, 0.6581635282034439, 0.3438791194081128, -0.09635706694894652, 0.21642248133273023, -0.043035647159884394, 0.39250545995916086, -0.3030640824394283, 0.5268236284151391, -0.671388791316798, 0.34390551670090597, 1], -8.00899]
[[-0.5091897190652861, -0.06426156118338922, 0.05026049202160854, 0.1399122366378598, 0.6581635282034439, 0.3438791194081128, -0.09635706694894652, 0.21642248133273023, -0.043035647159884394, 0.39250545995916086, -0.3030640824394283, 0.5268236284151391, -0.671388791316798, 0.34390551670090597, 1], -8.00899]
[[-0.5091897190652861, -0.06426156118338922, 0.05026049202160854, 0.1399122366378598, 0.6581635282034439, 0.3438791194081128, -0.09635706694894652, 0.21642248133273023, -0.043035647159884394, 0.39250545995916086, -0.3030640824394283, 0.5268236284151391, -0.671388791316798, 0.34390551670090597, 1], -8.00899]
[[-0.5091897190652861, -0.06426156118338922, 0.05026049202160854, 0.1399122366378598, 0.6581635282034439, 0.3438791194081128, -0.09635706694894652, 0.21642248133273023, -0.043035647159884394, 0.39250545995916086, -0.3030640824394283, 0.5268236284151391, -0.671388791316798, 0.34390551670090597, 1], -8.00899]
[[-0.5091897190652861, -0.06426156118338922, 0.05026049202160854, 0.1399122366378598, 0.6581635282034439, 0.3438791194081128, -0.09635706694894652, 0.21642248133273023, -0.043035647159884394, 0.39250545995916086, -0.3030640824394283, 0.5268236284151391, -0.671388791316798, 0.34390551670090597, 1], -8.00899]
[[-0.5091897190652861, -0.06426156118338922, 0.05026049202160854, 0.1399122366378598, 0.6581635282034439, 0.3438791194081128, -0.09635706694894652, 0.21642248133273023, -0.043035647159884394, 0.39250545995916086, -0.3030640824394283, 0.5268236284151391, -0.671388791316798, 0.34390551670090597, 1], -8.00899]
[[-0.6544531366192108, -0.31550233388720295, -0.1848891465287763, -0.07728079676798139, 0.10482317643991956, -0.07702216260325923, -0.11557558444326232, 0.4221177745017912, -0.3314070742912581, 0.18381642571993317, -0.0966977311658983, 0.4998303123307757, 0.25069991553859605, -0.41672248949631535, 1], -8.53777]
[[-0.6544531366192108, -0.31550233388720295, -0.1848891465287763, -0.07728079676798139, 0.10482317643991956, -0.07702216260325923, -0.11557558444326232, 0.4221177745017912, -0.3314070742912581, 0.18381642571993317, -0.0966977311658983, 0.4998303123307757, 0.25069991553859605, -0.41672248949631535, 1], -8.53777]
[[-0.6544531366192108, -0.31550233388720295, -0.1848891465287763, -0.07728079676798139, 0.10482317643991956, -0.07702216260325923, -0.11557558444326232, 0.4221177745017912, -0.3314070742912581, 0.18381642571993317, -0.0966977311658983, 0.4998303123307757, 0.25069991553859605, -0.41672248949631535, 1], -8.53777]
[[-0.6544531366192108, -0.31550233388720295, -0.1848891465287763, -0.07728079676798139, 0.10482317643991956, -0.07702216260325923, -0.11557558444326232, 0.4221177745017912, -0.3314070742912581, 0.18381642571993317, -0.0966977311658983, 0.4998303123307757, 0.25069991553859605, -0.41672248949631535, 1], -8.53777]
[[-0.6544531366192108, -0.31550233388720295, -0.1848891465287763, -0.07728079676798139, 0.10482317643991956, -0.07702216260325923, -0.11557558444326232, 0.4221177745017912, -0.3314070742912581, 0.18381642571993317, -0.0966977311658983, 0.4998303123307757, 0.25069991553859605, -0.41672248949631535, 1], -8.53777]
[[-0.6544531366192108, -0.31550233388720295, -0.1848891465287763, -0.07728079676798139, 0.10482317643991956, -0.07702216260325923, -0.11557558444326232, 0.4221177745017912, -0.3314070742912581, 0.18381642571993317, -0.0966977311658983, 0.4998303123307757, 0.25069991553859605, -0.41672248949631535, 1], -8.53777]
[[-0.6544531366192108, -0.31550233388720295, -0.1848891465287763, -0.07728079676798139, 0.10482317643991956, -0.07702216260325923, -0.11557558444326232, 0.4221177745017912, -0.3314070742912581, 0.18381642571993317, -0.0966977311658983, 0.4998303123307757, 0.25069991553859605, -0.41672248949631535, 1], -8.53777]
[[-0.6544531366192108, -0.31550233388720295, -0.1848891465287763, -0.07728079676798139, 0.10482317643991956, -0.07702216260325923, -0.11557558444326232, 0.4221177745017912, -0.3314070742912581, 0.18381642571993317, -0.0966977311658983, 0.4998303123307757, 0.25069991553859605, -0.41672248949631535, 1], -8.53777]
[[-0.6544531366192108, -0.31550233388720295, -0.1848891465287763, -0.07728079676798139, 0.10482317643991956, -0.07702216260325923, -0.11557558444326232, 0.4221177745017912, -0.3314070742912581, 0.18381642571993317, -0.0966977311658983, 0.4998303123307757, 0.25069991553859605, -0.41672248949631535, 1], -8.53777]
[[-0.6544531366192108, -0.31550233388720295, -0.1848891465287763, -0.07728079676798139, 0.10482317643991956, -0.07702216260325923, -0.11557558444326232, 0.4221177745017912, -0.3314070742912581, 0.18381642571993317, -0.0966977311658983, 0.4998303123307757, 0.25069991553859605, -0.41672248949631535, 1], -8.53777]
[[-0.6544531366192108, -0.31550233388720295, -0.1848891465287763, -0.07728079676798139, 0.10482317643991956, -0.07702216260325923, -0.11557558444326232, 0.4221177745017912, -0.3314070742912581, 0.18381642571993317, -0.0966977311658983, 0.4998303123307757, 0.25069991553859605, -0.41672248949631535, 1], -8.53777]
[[-0.6544531366192108, -0.31550233388720295, -0.1848891465287763, -0.07728079676798139, 0.10482317643991956, -0.07702216260325923, -0.11557558444326232, 0.4221177745017912, -0.3314070742912581, 0.18381642571993317, -0.0966977311658983, 0.4998303123307757, 0.25069991553859605, -0.41672248949631535, 1], -8.53777]
[[-0.6544531366192108, -0.31550233388720295, -0.1848891465287763, -0.07728079676798139, 0.10482317643991956, -0.07702216260325923, -0.11557558444326232, 0.4221177745017912, -0.3314070742912581, 0.18381642571993317, -0.0966977311658983, 0.4998303123307757, 0.25069991553859605, -0.41672248949631535, 1], -8.53777]
[[-0.6544531366192108, -0.31550233388720295, -0.1848891465287763, -0.07728079676798139, 0.10482317643991956, -0.07702216260325923, -0.11557558444326232, 0.4221177745017912, -0.3314070742912581, 0.18381642571993317, -0.0966977311658983, 0.4998303123307757, 0.25069991553859605, -0.41672248949631535, 1], -8.53777]
[[-0.6544531366192108, -0.31550233388720295, -0.1848891465287763, -0.07728079676798139, 0.10482317643991956, -0.07702216260325923, -0.11557558444326232, 0.4221177745017912, -0.3314070742912581, 0.18381642571993317, -0.0966977311658983, 0.4998303123307757, 0.25069991553859605, -0.41672248949631535, 1], -8.53777]
[[-0.6544531366192108, -0.31550233388720295, -0.1848891465287763, -0.07728079676798139, 0.10482317643991956, -0.07702216260325923, -0.11557558444326232, 0.4221177745017912, -0.3314070742912581, 0.18381642571993317, -0.0966977311658983, 0.4998303123307757, 0.25069991553859605, -0.41672248949631535, 1], -8.53777]
[[-0.6544531366192108, -0.31550233388720295, -0.1848891465287763, -0.07728079676798139, 0.10482317643991956, -0.07702216260325923, -0.11557558444326232, 0.4221177745017912, -0.3314070742912581, 0.18381642571993317, -0.0966977311658983, 0.4998303123307757, 0.25069991553859605, -0.41672248949631535, 1], -8.53777]
[[-0.6544531366192108, -0.31550233388720295, -0.1848891465287763, -0.07728079676798139, 0.10482317643991956, -0.07702216260325923, -0.11557558444326232, 0.4221177745017912, -0.3314070742912581, 0.18381642571993317, -0.0966977311658983, 0.4998303123307757, 0.25069991553859605, -0.41672248949631535, 1], -8.53777]
[[-0.6544531366192108, -0.31550233388720295, -0.1848891465287763, -0.07728079676798139, 0.10482317643991956, -0.07702216260325923, -0.11557558444326232, 0.4221177745017912, -0.3314070742912581, 0.18381642571993317, -0.0966977311658983, 0.4998303123307757, 0.25069991553859605, -0.41672248949631535, 1], -8.53777]
[[-0.6544531366192108, -0.31550233388720295, -0.1848891465287763, -0.07728079676798139, 0.10482317643991956, -0.07702216260325923, -0.11557558444326232, 0.4221177745017912, -0.3314070742912581, 0.18381642571993317, -0.0966977311658983, 0.4998303123307757, 0.25069991553859605, -0.41672248949631535, 1], -8.53777]
[[-0.6544531366192108, -0.31550233388720295, -0.1848891465287763, -0.07728079676798139, 0.10482317643991956, -0.07702216260325923, -0.11557558444326232, 0.4221177745017912, -0.3314070742912581, 0.18381642571993317, -0.0966977311658983, 0.4998303123307757, 0.25069991553859605, -0.41672248949631535, 1], -8.53777]
[[-0.6544531366192108, -0.31550233388720295, -0.1848891465287763, -0.07728079676798139, 0.10482317643991956, -0.07702216260325923, -0.11557558444326232, 0.4221177745017912, -0.3314070742912581, 0.18381642571993317, -0.0966977311658983, 0.4998303123307757, 0.25069991553859605, -0.41672248949631535, 1], -8.53777]
[[-0.6544531366192108, -0.31550233388720295, -0.1848891465287763, -0.07728079676798139, 0.10482317643991956, -0.07702216260325923, -0.11557558444326232, 0.4221177745017912, -0.3314070742912581, 0.18381642571993317, -0.0966977311658983, 0.4998303123307757, 0.25069991553859605, -0.41672248949631535, 1], -8.53777]
[[-0.6544531366192108, -0.31550233388720295, -0.1848891465287763, -0.07728079676798139, 0.10482317643991956, -0.07702216260325923, -0.11557558444326232, 0.4221177745017912, -0.3314070742912581, 0.18381642571993317, -0.0966977311658983, 0.4998303123307757, 0.25069991553859605, -0.41672248949631535, 1], -8.53777]
[[-0.6544531366192108, -0.31550233388720295, -0.1848891465287763, -0.07728079676798139, 0.10482317643991956, -0.07702216260325923, -0.11557558444326232, 0.4221177745017912, -0.3314070742912581, 0.18381642571993317, -0.0966977311658983, 0.4998303123307757, 0.25069991553859605, -0.41672248949631535, 1], -8.53777]
[[-0.6544531366192108, -0.31550233388720295, -0.1848891465287763, -0.07728079676798139, 0.10482317643991956, -0.07702216260325923, -0.11557558444326232, 0.4221177745017912, -0.3314070742912581, 0.18381642571993317, -0.0966977311658983, 0.4998303123307757, 0.25069991553859605, -0.41672248949631535, 1], -8.53777]
[[-0.6544531366192108, -0.31550233388720295, -0.1848891465287763, -0.07728079676798139, 0.10482317643991956, -0.07702216260325923, -0.11557558444326232, 0.4221177745017912, -0.3314070742912581, 0.18381642571993317, -0.0966977311658983, 0.4998303123307757, 0.25069991553859605, -0.41672248949631535, 1], -8.53777]
[[-0.6544531366192108, -0.31550233388720295, -0.1848891465287763, -0.07728079676798139, 0.10482317643991956, -0.07702216260325923, -0.11557558444326232, 0.4221177745017912, -0.3314070742912581, 0.18381642571993317, -0.0966977311658983, 0.4998303123307757, 0.25069991553859605, -0.41672248949631535, 1], -8.53777]
[[-0.6544531366192108, -0.31550233388720295, -0.1848891465287763, -0.07728079676798139, 0.10482317643991956, -0.07702216260325923, -0.11557558444326232, 0.4221177745017912, -0.3314070742912581, 0.18381642571993317, -0.0966977311658983, 0.4998303123307757, 0.25069991553859605, -0.41672248949631535, 1], -8.53777]
[[-0.6544531366192108, -0.31550233388720295, -0.1848891465287763, -0.07728079676798139, 0.10482317643991956, -0.07702216260325923, -0.11557558444326232, 0.4221177745017912, -0.3314070742912581, 0.18381642571993317, -0.0966977311658983, 0.4998303123307757, 0.25069991553859605, -0.41672248949631535, 1], -8.53777]
[[-0.6544531366192108, -0.31550233388720295, -0.1848891465287763, -0.07728079676798139, 0.10482317643991956, -0.07702216260325923, -0.11557558444326232, 0.4221177745017912, -0.3314070742912581, 0.18381642571993317, -0.0966977311658983, 0.4998303123307757, 0.25069991553859605, -0.41672248949631535, 1], -8.53777]
[[-0.6544531366192108, -0.31550233388720295, -0.1848891465287763, -0.07728079676798139, 0.10482317643991956, -0.07702216260325923, -0.11557558444326232, 0.4221177745017912, -0.3314070742912581, 0.18381642571993317, -0.0966977311658983, 0.4998303123307757, 0.25069991553859605, -0.41672248949631535, 1], -8.53777]
[[-0.6544531366192108, -0.31550233388720295, -0.1848891465287763, -0.07728079676798139, 0.10482317643991956, -0.07702216260325923, -0.11557558444326232, 0.4221177745017912, -0.3314070742912581, 0.18381642571993317, -0.0966977311658983, 0.4998303123307757, 0.25069991553859605, -0.41672248949631535, 1], -8.53777]
[[-0.6544531366192108, -0.31550233388720295, -0.1848891465287763, -0.07728079676798139, 0.10482317643991956, -0.07702216260325923, -0.11557558444326232, 0.4221177745017912, -0.3314070742912581, 0.18381642571993317, -0.0966977311658983, 0.4998303123307757, 0.25069991553859605, -0.41672248949631535, 1], -8.53777]
[[-0.6544531366192108, -0.31550233388720295, -0.1848891465287763, -0.07728079676798139, 0.10482317643991956, -0.07702216260325923, -0.11557558444326232, 0.4221177745017912, -0.3314070742912581, 0.18381642571993317, -0.0966977311658983, 0.4998303123307757, 0.25069991553859605, -0.41672248949631535, 1], -8.53777]
[[-0.6544531366192108, -0.31550233388720295, -0.1848891465287763, -0.07728079676798139, 0.10482317643991956, -0.07702216260325923, -0.11557558444326232, 0.4221177745017912, -0.3314070742912581, 0.18381642571993317, -0.0966977311658983, 0.4998303123307757, 0.25069991553859605, -0.41672248949631535, 1], -8.53777]
[[-0.6544531366192108, -0.31550233388720295, -0.1848891465287763, -0.07728079676798139, 0.10482317643991956, -0.07702216260325923, -0.11557558444326232, 0.4221177745017912, -0.3314070742912581, 0.18381642571993317, -0.0966977311658983, 0.4998303123307757, 0.25069991553859605, -0.41672248949631535, 1], -8.53777]
[[-0.6544531366192108, -0.31550233388720295, -0.1848891465287763, -0.07728079676798139, 0.10482317643991956, -0.07702216260325923, -0.11557558444326232, 0.4221177745017912, -0.3314070742912581, 0.18381642571993317, -0.0966977311658983, 0.4998303123307757, 0.25069991553859605, -0.41672248949631535, 1], -8.53777]
[[-0.6544531366192108, -0.31550233388720295, -0.1848891465287763, -0.07728079676798139, 0.10482317643991956, -0.07702216260325923, -0.11557558444326232, 0.4221177745017912, -0.3314070742912581, 0.18381642571993317, -0.0966977311658983, 0.4998303123307757, 0.25069991553859605, -0.41672248949631535, 1], -8.53777]
[[-0.6544531366192108, -0.31550233388720295, -0.1848891465287763, -0.07728079676798139, 0.10482317643991956, -0.07702216260325923, -0.11557558444326232, 0.4221177745017912, -0.3314070742912581, 0.18381642571993317, -0.0966977311658983, 0.4998303123307757, 0.25069991553859605, -0.41672248949631535, 1], -8.53777]
[[-0.6544531366192108, -0.31550233388720295, -0.1848891465287763, -0.07728079676798139, 0.10482317643991956, -0.07702216260325923, -0.11557558444326232, 0.4221177745017912, -0.3314070742912581, 0.18381642571993317, -0.0966977311658983, 0.4998303123307757, 0.25069991553859605, -0.41672248949631535, 1], -8.53777]
[[-0.6544531366192108, -0.31550233388720295, -0.1848891465287763, -0.07728079676798139, 0.10482317643991956, -0.07702216260325923, -0.11557558444326232, 0.4221177745017912, -0.3314070742912581, 0.18381642571993317, -0.0966977311658983, 0.4998303123307757, 0.25069991553859605, -0.41672248949631535, 1], -8.53777]
[[-0.6544531366192108, -0.31550233388720295, -0.1848891465287763, -0.07728079676798139, 0.10482317643991956, -0.07702216260325923, -0.11557558444326232, 0.4221177745017912, -0.3314070742912581, 0.18381642571993317, -0.0966977311658983, 0.4998303123307757, 0.25069991553859605, -0.41672248949631535, 1], -8.53777]
[[-0.6544531366192108, -0.31550233388720295, -0.1848891465287763, -0.07728079676798139, 0.10482317643991956, -0.07702216260325923, -0.11557558444326232, 0.4221177745017912, -0.3314070742912581, 0.18381642571993317, -0.0966977311658983, 0.4998303123307757, 0.25069991553859605, -0.41672248949631535, 1], -8.53777]
[[-0.6544531366192108, -0.31550233388720295, -0.1848891465287763, -0.07728079676798139, 0.10482317643991956, -0.07702216260325923, -0.11557558444326232, 0.4221177745017912, -0.3314070742912581, 0.18381642571993317, -0.0966977311658983, 0.4998303123307757, 0.25069991553859605, -0.41672248949631535, 1], -8.53777]
[[-0.6544531366192108, -0.31550233388720295, -0.1848891465287763, -0.07728079676798139, 0.10482317643991956, -0.07702216260325923, -0.11557558444326232, 0.4221177745017912, -0.3314070742912581, 0.18381642571993317, -0.0966977311658983, 0.4998303123307757, 0.25069991553859605, -0.41672248949631535, 1], -8.53777]
[[-0.6544531366192108, -0.31550233388720295, -0.1848891465287763, -0.07728079676798139, 0.10482317643991956, -0.07702216260325923, -0.11557558444326232, 0.4221177745017912, -0.3314070742912581, 0.18381642571993317, -0.0966977311658983, 0.4998303123307757, 0.25069991553859605, -0.41672248949631535, 1], -8.53777]
[[-0.6544531366192108, -0.31550233388720295, -0.1848891465287763, -0.07728079676798139, 0.10482317643991956, -0.07702216260325923, -0.11557558444326232, 0.4221177745017912, -0.3314070742912581, 0.18381642571993317, -0.0966977311658983, 0.4998303123307757, 0.25069991553859605, -0.41672248949631535, 1], -8.53777]
[[-0.6544531366192108, -0.31550233388720295, -0.1848891465287763, -0.07728079676798139, 0.10482317643991956, -0.07702216260325923, -0.11557558444326232, 0.4221177745017912, -0.3314070742912581, 0.18381642571993317, -0.0966977311658983, 0.4998303123307757, 0.25069991553859605, -0.41672248949631535, 1], -8.53777]
[[-0.6544531366192108, -0.31550233388720295, -0.1848891465287763, -0.07728079676798139, 0.10482317643991956, -0.07702216260325923, -0.11557558444326232, 0.4221177745017912, -0.3314070742912581, 0.18381642571993317, -0.0966977311658983, 0.4998303123307757, 0.25069991553859605, -0.41672248949631535, 1], -8.53777]
[[-0.6544531366192108, -0.31550233388720295, -0.1848891465287763, -0.07728079676798139, 0.10482317643991956, -0.07702216260325923, -0.11557558444326232, 0.4221177745017912, -0.3314070742912581, 0.18381642571993317, -0.0966977311658983, 0.4998303123307757, 0.25069991553859605, -0.41672248949631535, 1], -8.53777]
[[-0.4211474178651502, -0.31550233388720295, -0.1848891465287763, -0.07728079676798139, 0.10482317643991956, -0.07702216260325923, 0.04705040841623531, 0.0837741844049561, -0.3314070742912581, 0.18381642571993317, -0.2082687333779013, 0.4998303123307757, 0.25069991553859605, -0.5575992375083282, 1], -8.62674]
[[-0.4211474178651502, -0.31550233388720295, -0.1848891465287763, -0.07728079676798139, 0.10482317643991956, -0.07702216260325923, 0.04705040841623531, 0.0837741844049561, -0.3314070742912581, 0.18381642571993317, -0.2082687333779013, 0.4998303123307757, 0.25069991553859605, -0.5575992375083282, 1], -8.62674]
[[-0.4211474178651502, -0.31550233388720295, -0.1848891465287763, -0.07728079676798139, 0.10482317643991956, -0.07702216260325923, 0.04705040841623531, 0.0837741844049561, -0.3314070742912581, 0.18381642571993317, -0.2082687333779013, 0.4998303123307757, 0.25069991553859605, -0.5575992375083282, 1], -8.62674]
[[-0.4211474178651502, -0.31550233388720295, -0.1848891465287763, -0.07728079676798139, 0.10482317643991956, -0.07702216260325923, 0.04705040841623531, 0.0837741844049561, -0.3314070742912581, 0.18381642571993317, -0.2082687333779013, 0.4998303123307757, 0.25069991553859605, -0.5575992375083282, 1], -8.62674]
[[-0.4211474178651502, -0.31550233388720295, -0.1848891465287763, -0.07728079676798139, 0.10482317643991956, -0.07702216260325923, 0.04705040841623531, 0.0837741844049561, -0.3314070742912581, 0.18381642571993317, -0.2082687333779013, 0.4998303123307757, 0.25069991553859605, -0.5575992375083282, 1], -8.62674]
[[-0.4211474178651502, -0.31550233388720295, -0.1848891465287763, -0.07728079676798139, 0.10482317643991956, -0.07702216260325923, 0.04705040841623531, 0.0837741844049561, -0.3314070742912581, 0.18381642571993317, -0.2082687333779013, 0.4998303123307757, 0.25069991553859605, -0.5575992375083282, 1], -8.62674]
[[-0.4211474178651502, -0.31550233388720295, -0.1848891465287763, -0.07728079676798139, 0.10482317643991956, -0.07702216260325923, 0.04705040841623531, 0.0837741844049561, -0.3314070742912581, 0.18381642571993317, -0.2082687333779013, 0.4998303123307757, 0.25069991553859605, -0.5575992375083282, 1], -8.62674]
[[-0.4211474178651502, -0.31550233388720295, -0.1848891465287763, -0.07728079676798139, 0.10482317643991956, -0.07702216260325923, 0.04705040841623531, 0.0837741844049561, -0.3314070742912581, 0.18381642571993317, -0.2082687333779013, 0.4998303123307757, 0.25069991553859605, -0.5575992375083282, 1], -8.62674]
[[-0.4211474178651502, -0.31550233388720295, -0.1848891465287763, -0.07728079676798139, 0.10482317643991956, -0.07702216260325923, 0.04705040841623531, 0.0837741844049561, -0.3314070742912581, 0.18381642571993317, -0.2082687333779013, 0.4998303123307757, 0.25069991553859605, -0.5575992375083282, 1], -8.62674]
[[-0.4211474178651502, -0.31550233388720295, -0.1848891465287763, -0.07728079676798139, 0.10482317643991956, -0.07702216260325923, 0.04705040841623531, 0.0837741844049561, -0.3314070742912581, 0.18381642571993317, -0.2082687333779013, 0.4998303123307757, 0.25069991553859605, -0.5575992375083282, 1], -8.62674]
[[-0.4211474178651502, -0.31550233388720295, -0.1848891465287763, -0.07728079676798139, 0.10482317643991956, -0.07702216260325923, 0.04705040841623531, 0.0837741844049561, -0.3314070742912581, 0.18381642571993317, -0.2082687333779013, 0.4998303123307757, 0.25069991553859605, -0.5575992375083282, 1], -8.62674]
[[-0.4211474178651502, -0.31550233388720295, -0.1848891465287763, -0.07728079676798139, 0.10482317643991956, -0.07702216260325923, 0.04705040841623531, 0.0837741844049561, -0.3314070742912581, 0.18381642571993317, -0.2082687333779013, 0.4998303123307757, 0.25069991553859605, -0.5575992375083282, 1], -8.62674]
[[-0.4211474178651502, -0.31550233388720295, -0.1848891465287763, -0.07728079676798139, 0.10482317643991956, -0.07702216260325923, 0.04705040841623531, 0.0837741844049561, -0.3314070742912581, 0.18381642571993317, -0.2082687333779013, 0.4998303123307757, 0.25069991553859605, -0.5575992375083282, 1], -8.62674]
[[-0.4211474178651502, -0.31550233388720295, -0.1848891465287763, -0.07728079676798139, 0.10482317643991956, -0.07702216260325923, 0.04705040841623531, 0.0837741844049561, -0.3314070742912581, 0.18381642571993317, -0.2082687333779013, 0.4998303123307757, 0.25069991553859605, -0.5575992375083282, 1], -8.62674]
[[-0.4211474178651502, -0.31550233388720295, -0.1848891465287763, -0.07728079676798139, 0.10482317643991956, -0.07702216260325923, 0.04705040841623531, 0.0837741844049561, -0.3314070742912581, 0.18381642571993317, -0.2082687333779013, 0.4998303123307757, 0.25069991553859605, -0.5575992375083282, 1], -8.62674]
[[-0.4211474178651502, -0.31550233388720295, -0.1848891465287763, -0.07728079676798139, 0.10482317643991956, -0.07702216260325923, 0.04705040841623531, 0.0837741844049561, -0.3314070742912581, 0.18381642571993317, -0.2082687333779013, 0.4998303123307757, 0.25069991553859605, -0.5575992375083282, 1], -8.62674]
[[-0.6544531366192108, -0.31550233388720295, 0.03921480747239858, -0.05940155482314724, 0.4471641098457557, 0.2084768143290271, -0.21546630427163715, -0.3302290788538718, -0.005376115425742789, 0.18381642571993317, -0.08619870275658814, -0.2823743475227918, 0.2495049006679282, -0.3750823504300019, 1], -8.9418]
[[-0.6544531366192108, -0.31550233388720295, 0.03921480747239858, -0.05940155482314724, 0.4471641098457557, 0.2084768143290271, -0.21546630427163715, -0.3302290788538718, -0.005376115425742789, 0.18381642571993317, -0.08619870275658814, -0.2823743475227918, 0.2495049006679282, -0.3750823504300019, 1], -8.9418]
[[-0.6544531366192108, -0.31550233388720295, 0.03921480747239858, -0.05940155482314724, 0.4471641098457557, 0.2084768143290271, -0.21546630427163715, -0.3302290788538718, -0.005376115425742789, 0.18381642571993317, -0.08619870275658814, -0.2823743475227918, 0.2495049006679282, -0.3750823504300019, 1], -8.9418]
[[-0.6544531366192108, -0.31550233388720295, 0.03921480747239858, -0.05940155482314724, 0.4471641098457557, 0.2084768143290271, -0.21546630427163715, -0.3302290788538718, -0.005376115425742789, 0.18381642571993317, -0.08619870275658814, -0.2823743475227918, 0.2495049006679282, -0.3750823504300019, 1], -8.9418]
[[-0.6544531366192108, -0.31550233388720295, 0.03921480747239858, -0.05940155482314724, 0.4471641098457557, 0.2084768143290271, -0.21546630427163715, -0.3302290788538718, -0.005376115425742789, 0.18381642571993317, -0.08619870275658814, -0.2823743475227918, 0.2495049006679282, -0.3750823504300019, 1], -8.9418]
[[-0.6544531366192108, -0.31550233388720295, 0.03921480747239858, -0.05940155482314724, 0.4471641098457557, 0.2084768143290271, -0.21546630427163715, -0.3302290788538718, -0.005376115425742789, 0.18381642571993317, -0.08619870275658814, -0.2823743475227918, 0.2495049006679282, -0.3750823504300019, 1], -8.9418]
[[-0.6544531366192108, -0.31550233388720295, 0.03921480747239858, -0.05940155482314724, 0.4471641098457557, 0.2084768143290271, -0.21546630427163715, -0.3302290788538718, -0.005376115425742789, 0.18381642571993317, -0.08619870275658814, -0.2823743475227918, 0.2495049006679282, -0.3750823504300019, 1], -8.9418]
[[-0.6544531366192108, -0.31550233388720295, 0.03921480747239858, -0.05940155482314724, 0.4471641098457557, 0.2084768143290271, -0.21546630427163715, -0.3302290788538718, -0.005376115425742789, 0.18381642571993317, -0.08619870275658814, -0.2823743475227918, 0.2495049006679282, -0.3750823504300019, 1], -8.9418]
[[-0.6544531366192108, -0.31550233388720295, 0.03921480747239858, -0.05940155482314724, 0.4471641098457557, 0.2084768143290271, -0.21546630427163715, -0.3302290788538718, -0.005376115425742789, 0.18381642571993317, -0.08619870275658814, -0.2823743475227918, 0.2495049006679282, -0.3750823504300019, 1], -8.9418]
[[-0.6544531366192108, -0.31550233388720295, 0.03921480747239858, -0.05940155482314724, 0.4471641098457557, 0.2084768143290271, -0.21546630427163715, -0.3302290788538718, -0.005376115425742789, 0.18381642571993317, -0.08619870275658814, -0.2823743475227918, 0.2495049006679282, -0.3750823504300019, 1], -8.9418]
[[-0.6544531366192108, -0.31550233388720295, 0.03921480747239858, -0.05940155482314724, 0.4471641098457557, 0.2084768143290271, -0.21546630427163715, -0.3302290788538718, -0.005376115425742789, 0.18381642571993317, -0.08619870275658814, -0.2823743475227918, 0.2495049006679282, -0.3750823504300019, 1], -8.9418]
[[-0.6544531366192108, -0.31550233388720295, 0.03921480747239858, -0.05940155482314724, 0.4471641098457557, 0.2084768143290271, -0.21546630427163715, -0.3302290788538718, -0.005376115425742789, 0.18381642571993317, -0.08619870275658814, -0.2823743475227918, 0.2495049006679282, -0.3750823504300019, 1], -8.9418]
[[-0.6544531366192108, -0.31550233388720295, 0.03921480747239858, -0.05940155482314724, 0.4471641098457557, 0.2084768143290271, -0.21546630427163715, -0.3302290788538718, -0.005376115425742789, 0.18381642571993317, -0.08619870275658814, -0.2823743475227918, 0.2495049006679282, -0.3750823504300019, 1], -8.9418]
[[-0.6544531366192108, -0.31550233388720295, 0.03921480747239858, -0.05940155482314724, 0.4471641098457557, 0.2084768143290271, -0.21546630427163715, -0.3302290788538718, -0.005376115425742789, 0.18381642571993317, -0.08619870275658814, -0.2823743475227918, 0.2495049006679282, -0.3750823504300019, 1], -8.9418]
[[-0.6544531366192108, -0.31550233388720295, 0.03921480747239858, -0.05940155482314724, 0.4471641098457557, 0.2084768143290271, -0.21546630427163715, -0.3302290788538718, -0.005376115425742789, 0.18381642571993317, -0.08619870275658814, -0.2823743475227918, 0.2495049006679282, -0.3750823504300019, 1], -8.9418]
[[-0.4211474178651502, -0.31550233388720295, 0.30592487151062886, -0.07728079676798139, 0.10482317643991956, 0.09851687992651004, 0.04705040841623531, -0.4852544092535792, 0.12083440873913676, -0.13728712878953742, -0.09067020207236953, -0.3870098955702549, 0.5414735753803948, -0.4052464959241679, 1], -9.11941]

Populacao final
-9.11941  1
-8.9418  1
-8.79285  1
-8.69732  1
-8.63755  1
-8.62674  1
-8.53777  1
-8.40366  1
-8.33591  1
-8.24169  1
-8.21385  1
-8.18951  1
-8.17791  1
-8.07479  1
-8.00899  1
-8.00735  1
-7.99054  1
-7.95892  1
-7.92988  1
-7.9099  1
-7.88733  1
-7.83041  1
-7.77238  1
-7.76605  1
-7.74218  1
-7.71365  1
-7.6956  1
-7.63896  1
-7.63736  1
-7.63345  1
-7.62435  1
-7.61959  1
-7.61039  1
-7.55992  1
-7.55177  1
-7.53548  1
-7.53075  1
-7.51145  1
-7.44081  1
-7.41055  1
-7.40785  1
-7.40365  1
-7.36944  1
-7.31255  1
-7.29981  1
-7.27692  1
-7.27567  1
-7.2143  1
-7.16033  1
-7.13913  1
-7.11981  1
-7.09054  1
-7.08381  1
-7.07237  1
-7.04867  1
-6.9963  1
-6.99257  1
-6.96664  1
-6.93266  1
-6.91793  1
-6.89784  1
-6.89353  1
-6.88406  1
-6.88366  1
-6.88344  1
-6.85513  1
-6.84225  1
-6.82531  1
-6.7996  1
-6.78577  1
-6.78366  1
-6.77125  1
-6.76694  1
-6.76424  1
-6.72336  1
-6.68351  1
-6.68225  1
-6.67504  1
-6.65568  1
-6.63254  1
-6.62829  1
-6.62715  1
-6.62246  1
-6.59356  1
-6.57311  1
-6.55652  1
-6.54667  1
-6.53244  1
-6.50054  1
-6.49153  1
-6.45396  1
-6.419  1
-6.28985  1
-6.28477  1
-6.23767  1
-6.21938  1
-6.20714  1
-6.19473  1
-6.11504  1
-6.05342  1
-6.03562  1
-6.03244  1
-5.95761  1
-5.92953  1
-5.90122  1
-5.83475  1
-5.83255  1
-5.79623  1
-5.76437  1
-5.7642  1
-5.75178  1
-5.73902  1
-5.71903  1
-5.69936  1
-5.69518  1
-5.67611  2
-5.65021  1
-5.54661  1
-5.45355  2
-5.36173  1
-5.24617  1
-5.14285  2
-5.13729  2
-5.11953  1
-5.04341  1
-5.03695  2
-4.99825  1
-4.95354  2
-4.90563  1
-4.85295  1
-4.81931  1
-4.80524  1
-4.61403  2
-4.60297  1
-4.4999  2
-4.45666  1
-4.45297  1
-4.42873  2
-4.38599  1
-4.35838  1
-4.33544  2
-4.30422  1
-4.29606  2
-4.27429  1
-4.19849  1
-4.16935  2
-4.15188  2
-4.08923  1
-4.03929  2
-3.90511  2
-3.90011  2
-3.88786  1
-3.82966  2
-3.78622  1
-3.675  2
-3.67393  1
-3.57061  2
-3.56691  1
-3.55849  2
-3.53562  1
-3.46096  2
-3.44114  2
-3.42031  1
-3.37388  2
-3.34138  1
-3.32257  2
-3.29608  2
-3.27272  2
-3.26103  1
-3.22299  2
-3.21463  1
-3.20136  2
-3.1922  11
-3.1851  2
-3.13533  2
-3.1179  2
-3.11405  2
-3.07968  2
-2.99266  11
-2.96367  2
-2.96151  2
-2.90221  1
-2.88976  2
-2.87971  1
-2.85545  1
-2.84977  2
-2.83376  1
-2.82929  1
-2.81549  2
-2.80644  2
-2.75842  2
-2.75506  2
-2.74635  2
-2.69034  1
-2.56445  2
-2.53289  2
-2.5095  2
-2.48769  2
-2.47193  2
-2.43292  1
-2.42498  11
-2.42477  1
-2.42218  2
-2.38418  2
-2.37876  2
-2.37587  11
-2.36366  3
-2.36017  2
-2.33602  2
-2.32838  2
-2.27983  19
-2.27831  2
-2.26895  2
-2.24515  1
-2.23905  11
-2.21161  2
-2.20649  2
-2.17751  2
-2.10464  2
-2.06509  11
-2.03813  3
-2.01255  11
-1.97654  11
-1.97634  19
-1.93883  11
-1.92299  11
-1.919  2
-1.87506  3
-1.87257  1
-1.86391  2
-1.85226  1
-1.82494  11
-1.78132  4
-1.76018  19
-1.73728  2
-1.72432  2
-1.71532  2
-1.65491  2
-1.65381  2
-1.61622  2
-1.57702  1
-1.56749  11
-1.55281  11
-1.53752  3
-1.5278  11
-1.51608  3
-1.44039  11
-1.43322  11
-1.36005  3
-1.35553  11
-1.31529  19
-1.2548  21
-1.24658  11
-1.16087  11
-1.05573  19
-1.03262  3
-0.97204  3
-0.88625  3
-0.8718  21
-0.85172  3
-0.84416  3
-0.7763  11
-0.75984  19
-0.64759  11
-0.57611  11
-0.51972  11
-0.40909  11
-0.27736  11
-0.23891  4
-0.22133  21
-0.19424  11
-0.16058  11
-0.03391  21
0.00071  19
0.19439  19
0.30107  11
0.30689  11
0.31853  19
0.38553  19
0.41434  19
0.41625  21
0.42632  19
0.43589  11
0.50592  19
0.53517  21
0.63613  19
0.74058  19
0.77443  10
0.83221  11
0.91255  7
0.96117  3
1.07255  3
1.15879  19
1.26179  3
1.27071  19
1.28295  3
1.33692  3
1.39207  3
1.42659  19
1.52109  3
1.54936  3
1.70651  16
1.81208  19
1.86775  16
2.09133  11
2.12412  4
2.12457  19
2.13557  4
2.24109  10
2.30454  27
2.31342  21
2.33104  5
2.33582  10
2.35873  10
2.46501  21
2.57074  11
2.61605  11
2.64161  7
2.64636  16
2.73685  21
2.79368  7
2.92073  4
2.99581  10
3.02271  4
3.0279  11
3.04176  11
3.04444  11
3.13574  16
3.25252  16
3.28304  11
3.3016  11
3.32818  16
3.43366  27
3.45617  4
3.5044  21
3.564  4
3.65076  4
3.76378  21
3.77484  21
3.77583  16
3.78052  7
3.86775  21
3.94809  21
3.96289  16
4.16679  16
4.25506  16
4.286  16
4.31925  16
4.37862  21
4.4842  4
4.59193  7
4.63339  5
4.75266  4
4.81461  9
4.87306  5
4.96583  5
4.98446  5
5.0157  9
5.04202  10
5.10624  5
5.20089  3
5.31099  5
5.38483  10
5.4761  5
5.49842  5
5.65582  21
5.69133  10
5.73105  21
5.804  21
5.80931  21
6.06554  5
6.2183  21
6.29449  3
6.31589  21
6.41723  21
6.43631  7
6.46462  17
6.46902  21
6.47533  7
6.51297  7
6.58534  5
6.76131  27
6.80039  5
6.86891  27
6.90635  5
6.91157  19
7.04369  17
7.24696  21
7.25767  27
7.28146  27
7.29135  5
7.31486  5
7.39515  27
7.50092  8
7.51938  21
7.61167  4
7.63357  27
7.69585  4
7.7198  27
7.72566  27


BRKGA with clusters
Avaliacoes 1milhao
Populacao 800
Melhor Energia: -9.11941

[(-2.549548320565046, 1.832731874169018, -0.5862285033194023, 0.3355363811072305, -0.06255220107535231, 0.2106782427441275, 0.1611664560197592, -0.16692289630389567, 0.2399189796172576, -0.6128783560205648, -0.361542768573721, -0.6096201498636696, 0.4983815771306359, -0.5126863489167182), 20.22795]
[[0.787333092962581, -1.8295236848427767, 0.5982373496304163, 0.10996783581884584, -0.6442599449770121, 0.2726526720317888, -0.40656245500754307, -0.5674932261982892, -0.4433414382735347, 0.28064263353540286, -0.7146426766220154, -0.2536165878227077, -0.38255843439607023, 0.07672118738275757], 9.37641]
[[0.787333092962581, -1.8295236848427767, 0.5982373496304163, 0.10996783581884584, -0.6442599449770121, 0.2726526720317888, -0.40656245500754307, -0.5674932261982892, -0.4433414382735347, 0.28064263353540286, -0.7146426766220154, -0.2536165878227077, -0.38255843439607023, 0.07672118738275757], 9.37641]
